CHAOST2 FoB-compatible baseline, SUPP_IDX=2

cv0: 0.20396895334124565
cv1: 0.17442935332655907
cv2: 0.19691704958677292
cv3: 0.28730228543281555
cv4: 0.1797124706208706

Mean Dice: 0.208466
